9 22 0 15 8 0 7 18 0 25 21 1 17 0 12 0 3 11 13 0 20 0 23 0 0 
0 0 0 7 0 24 0 0 1 12 5 0 0 0 2 22 9 0 15 6 0 0 0 13 0 
3 4 16 13 0 6 15 22 0 9 7 19 0 10 25 0 0 0 5 23 17 0 0 21 0 
0 0 0 0 14 0 0 0 0 3 15 0 0 6 9 0 0 0 21 24 0 25 10 0 0 
12 17 0 21 0 23 5 20 14 6 13 11 4 16 3 0 25 0 7 0 22 9 6 0 0 
22 6 7 0 9 0 0 10 25 18 0 12 0 5 17 16 0 0 11 0 23 20 13 0 2 
20 23 13 0 2 15 11 16 0 0 0 9 0 7 22 24 0 12 1 5 0 0 0 19 0 
18 10 0 19 25 5 1 24 12 0 14 0 23 0 0 6 22 0 0 7 0 4 15 11 3 
0 24 0 0 0 13 14 23 2 20 11 0 16 15 4 10 0 25 19 0 6 22 0 0 9 
0 0 15 0 3 0 8 6 0 22 0 25 10 21 18 0 0 0 14 0 0 17 5 0 12 
19 25 0 0 0 0 0 12 21 0 24 5 2 20 14 9 0 15 16 0 3 0 4 23 0 
11 3 0 23 0 0 16 9 15 8 6 7 0 18 0 0 14 5 0 20 12 0 17 10 0 
14 2 20 0 0 0 23 3 0 11 16 15 9 22 0 0 0 0 0 17 0 19 18 6 0 
1 0 0 0 0 0 0 0 5 0 23 13 3 4 11 25 0 7 0 18 9 8 22 16 0 
8 0 0 0 15 18 6 0 7 19 10 21 12 17 1 0 11 13 0 4 2 0 0 24 5 
13 11 3 0 23 9 0 8 16 15 22 6 0 0 0 0 5 24 0 2 0 0 12 18 10 
0 8 9 0 0 25 22 19 6 7 0 10 1 0 0 0 13 0 0 3 14 0 2 0 24 
0 14 2 17 24 3 20 11 0 0 0 0 0 0 15 0 21 10 18 0 0 0 0 22 0 
21 0 12 0 10 0 0 14 0 0 0 23 0 3 0 19 7 0 22 0 0 15 0 4 16 
7 0 0 22 6 0 18 0 0 21 17 24 14 0 5 0 15 16 0 0 11 13 0 20 23 
0 0 1 0 0 0 12 0 0 24 0 0 13 0 23 0 0 0 0 19 0 0 0 3 4 
23 13 0 2 20 8 0 15 0 16 0 0 7 19 6 5 24 0 0 0 21 10 1 25 0 
0 0 0 0 4 19 0 7 22 0 25 0 21 0 10 0 0 20 2 11 0 24 14 12 0 
24 5 0 12 17 11 2 13 20 0 3 4 15 8 16 0 0 18 25 0 7 6 19 9 22 
6 0 19 9 0 1 0 21 18 10 12 17 5 14 0 0 16 4 0 0 13 0 0 0 20 
