0 0 12 19 23 15 27 17 22 20 0 16 3 28 9 10 8 18 0 32 0 2 29 0 0 14 6 33 11 35 25 5 21 26 4 13 
35 33 6 11 7 14 29 31 32 2 34 36 24 1 0 0 15 12 25 21 4 26 5 13 9 8 18 3 10 0 17 27 22 0 16 30 
28 3 18 10 9 8 5 25 21 0 13 4 33 35 0 11 14 6 17 22 0 20 27 30 23 15 12 24 19 1 31 29 0 2 36 34 
16 17 22 27 20 30 20 33 6 7 14 35 25 4 26 0 13 21 3 18 28 9 10 8 2 34 32 31 29 36 24 19 12 23 0 15 
36 31 32 29 2 34 10 3 0 9 8 28 17 16 20 27 30 22 24 12 0 23 19 15 0 13 21 25 5 4 33 11 6 7 35 14 
4 25 21 5 26 13 19 24 12 23 15 1 31 36 2 29 34 32 33 6 35 7 0 0 20 30 22 17 27 16 3 10 18 9 28 8 
20 22 15 1 27 17 16 6 30 11 0 7 21 26 5 28 0 8 18 0 9 10 36 3 29 31 0 32 35 2 12 4 13 19 23 0 
2 32 14 35 29 31 36 18 34 0 3 9 22 20 27 1 17 15 12 13 23 19 4 24 5 25 8 21 28 0 6 16 0 11 7 33 
26 0 8 28 5 25 4 12 13 19 24 0 32 2 29 35 0 14 6 30 7 11 16 33 27 17 15 22 1 0 18 36 0 10 0 3 
9 18 34 36 10 3 28 21 8 0 25 26 6 7 11 16 33 30 22 0 20 27 1 17 19 24 13 12 4 23 0 35 14 29 2 0 
23 12 13 4 19 24 1 22 15 27 17 20 18 9 0 36 3 34 32 14 2 29 0 31 11 0 30 6 0 7 21 28 8 5 26 25 
7 6 0 16 11 33 35 0 14 29 31 2 12 23 19 4 24 13 21 8 26 5 28 25 10 3 34 18 0 9 22 1 0 27 0 17 
15 0 23 12 24 27 0 16 20 0 11 30 28 0 3 0 5 9 36 2 34 31 32 10 33 29 7 35 6 0 4 21 26 25 13 19 
30 16 20 0 17 11 0 35 7 33 29 14 4 13 25 21 19 26 28 9 0 3 18 0 31 10 2 36 32 0 1 12 23 24 15 27 
13 4 26 0 25 19 12 1 0 0 0 0 36 34 31 32 10 0 35 7 14 33 6 29 17 11 20 16 22 30 28 18 9 3 8 5 
34 36 2 32 31 10 18 28 9 3 5 8 16 30 17 22 11 0 1 23 15 24 12 27 25 19 26 4 21 13 35 6 7 33 14 29 
14 35 7 6 33 29 32 36 2 31 10 34 0 15 0 0 0 23 4 26 13 25 21 19 3 5 9 28 18 8 16 22 20 17 30 11 
8 28 9 18 3 5 21 4 26 25 0 13 35 14 33 6 29 7 16 20 30 17 22 11 24 27 23 0 0 15 0 32 2 31 34 10 
21 0 28 3 8 26 25 19 4 13 23 12 29 32 14 33 2 35 11 16 6 30 17 7 0 0 1 27 0 22 10 31 36 34 18 0 
6 11 16 17 30 7 33 29 35 0 2 32 19 12 13 25 0 4 5 28 21 8 3 26 34 0 36 10 31 18 27 24 1 0 22 0 
18 10 36 31 34 9 3 5 28 8 26 21 11 6 30 17 7 16 27 1 22 0 24 20 13 23 4 19 25 12 29 33 35 14 32 2 
12 19 0 25 13 23 24 27 1 0 20 22 10 0 34 31 9 36 29 35 32 14 33 2 30 7 0 11 17 6 0 3 28 8 21 26 
22 0 1 0 15 20 17 11 16 30 7 6 5 21 8 3 26 28 0 36 18 34 31 9 14 2 0 29 33 32 19 25 4 13 0 23 
32 29 35 33 14 2 31 10 36 34 9 18 27 22 0 24 20 1 19 4 12 13 25 0 8 26 28 5 3 21 11 17 16 30 6 0 
10 34 31 2 0 18 9 8 3 28 21 5 30 0 16 20 6 17 15 24 27 1 23 22 0 12 25 13 26 19 0 7 33 35 29 32 
29 14 33 7 0 32 0 34 0 36 18 10 15 27 1 0 0 24 13 25 19 0 26 12 28 21 3 0 9 5 30 20 17 16 11 6 
5 8 3 9 28 0 26 13 25 0 12 19 14 29 35 7 32 0 0 17 11 0 0 6 0 22 24 15 23 27 34 2 31 36 10 18 
19 13 25 26 4 12 23 15 24 1 22 27 34 10 0 2 18 31 14 33 29 35 7 32 16 6 0 30 20 11 8 9 3 28 5 21 
27 15 24 23 1 22 20 30 17 16 6 11 8 5 28 9 21 3 34 31 10 36 0 18 35 32 33 14 7 29 0 26 25 4 19 12 
11 30 17 20 16 6 7 0 0 35 32 29 13 0 4 26 12 25 8 3 0 0 9 21 36 18 31 34 2 10 15 23 24 1 27 22 
17 20 27 15 0 16 30 7 11 6 35 33 26 25 21 8 4 5 9 10 3 18 34 28 32 36 29 2 0 31 23 13 19 12 24 1 
25 26 5 0 21 4 0 23 19 12 1 24 0 31 32 14 36 29 7 11 33 6 30 35 0 16 27 20 15 17 9 0 10 18 0 28 
3 9 10 0 18 28 0 26 5 21 4 25 7 33 6 30 35 11 20 27 17 22 0 0 12 1 19 23 13 24 0 0 29 32 31 36 
0 2 29 14 32 36 0 9 10 0 28 0 20 0 22 15 16 27 23 19 24 12 13 1 21 4 5 26 8 25 0 30 11 0 33 35 
24 23 19 13 12 1 15 0 27 22 16 17 9 3 18 0 28 10 2 29 31 32 14 36 6 35 11 7 30 33 26 8 5 21 25 4 
33 7 11 30 6 35 14 0 29 32 36 31 23 24 12 13 1 19 26 5 25 21 8 0 18 28 10 9 34 3 20 15 27 22 17 16 
